 -8.8750000e+001  2.4054000e+002  0.0000000e+000  9.3423000e+001  3.5542600e+002
 -9.5430000e+001  8.2500000e+000  6.6666667e-010  9.4276000e+001  3.5542600e+002
 -8.9820000e+001  3.4410000e+001  2.6333333e-009  9.3409000e+001  3.5315700e+002
 -9.6460000e+001  1.2373000e+002  3.3000000e-009  9.4259000e+001  3.5315700e+002
 -9.2090000e+001  3.4412000e+002  2.3466667e-008  9.3307000e+001  1.5642000e+001
 -9.8450000e+001  1.4517000e+002  2.4100000e-008  9.4131000e+001  1.5642000e+001
 -9.5110000e+001  1.4456000e+002  3.1100000e-008  9.3271000e+001  1.7745000e+001
 -1.0138000e+002  2.0345000e+002  3.1766667e-008  9.4086000e+001  1.7745000e+001
 -9.9000000e+001  2.9098000e+002  7.0566667e-008  9.3096000e+001  3.3435900e+002
 -1.0487000e+002  2.1748000e+002  7.1166667e-008  9.3868000e+001  3.3435900e+002
 -1.0354000e+002  2.1123000e+002  8.2466667e-008  9.3047000e+001  3.3252600e+002
 -1.0934000e+002  3.5998000e+002  8.3066667e-008  9.3807000e+001  3.3252600e+002
 -1.0859000e+002  3.2070000e+001  1.3720000e-007  9.2840000e+001  3.4216000e+001
 -1.1358000e+002  3.1801000e+002  1.3773333e-007  9.3549000e+001  3.4216000e+001
 -1.1431000e+002  1.7571000e+002  1.5246667e-007  9.2788000e+001  3.5754000e+001
 -1.0150000e+002  8.6650000e+001  1.6933333e-007  9.2732000e+001  3.5635300e+002
 -1.1858000e+002  6.5410000e+001  1.6986667e-007  9.3413000e+001  3.5635300e+002
 -9.5720000e+001  1.2735000e+002  1.7143333e-007  9.2725000e+001  3.5453800e+002
 -1.0291000e+002  8.6530000e+001  1.7196667e-007  9.3404000e+001  3.5453800e+002
 -9.3880000e+001  2.8415000e+002  1.8816667e-007  9.2672000e+001  1.2577000e+001
 -9.8580000e+001  9.2920000e+001  1.8870000e-007  9.3338000e+001  1.2577000e+001
 -9.6110000e+001  3.5423000e+002  1.9436667e-007  9.2652000e+001  1.4304000e+001
 -1.0071000e+002  1.1108000e+002  1.9486667e-007  9.3314000e+001  1.4304000e+001
 -1.1961000e+002  2.7567000e+002  2.1893333e-007  9.2579000e+001  3.1865200e+002
 -9.9050000e+001  5.5980000e+001  2.2666667e-007  9.2557000e+001  3.3907000e+002
 -1.0296000e+002  2.6067000e+002  2.2716667e-007  9.3195000e+001  3.3907000e+002
 -1.0279000e+002  6.9200000e+000  2.3653333e-007  9.2529000e+001  3.3749400e+002
 -1.0690000e+002  6.1160000e+001  2.8243333e-007  9.2407000e+001  2.8450000e+001
